epoch	loss
0	15.98791790008545
1	8.901138305664062
2	8.647713661193848
3	8.324750900268555
4	7.375957489013672
5	6.870096683502197
6	6.35590124130249
7	5.826545715332031
8	5.290714263916016
9	4.755822658538818
10	4.19905424118042
11	3.6259872913360596
12	3.0079541206359863
13	2.460435390472412
14	2.156242609024048
15	2.054473638534546
16	2.0149495601654053
17	1.9816040992736816
18	1.9501785039901733
19	1.9162148237228394
20	1.8855220079421997
21	1.8528566360473633
22	1.8190600872039795
23	1.784657597541809
24	1.753395676612854
25	1.7228922843933105
26	1.689200758934021
27	1.6593862771987915
28	1.626754879951477
29	1.597271203994751
30	1.5677626132965088
31	1.5419189929962158
32	1.512308955192566
33	1.4866142272949219
34	1.462326169013977
35	1.4369392395019531
36	1.4128170013427734
37	1.3887028694152832
38	1.3682187795639038
39	1.343825101852417
40	1.3228482007980347
41	1.3001724481582642
42	1.2812772989273071
43	1.2588772773742676
44	1.240267038345337
45	1.220612645149231
46	1.1996796131134033
47	1.179012417793274
48	1.1630438566207886
49	1.14619779586792
50	1.1261625289916992
51	1.1081632375717163
52	1.090519666671753
53	1.077181339263916
54	1.0587670803070068
55	1.0457226037979126
56	1.0282080173492432
57	1.0155669450759888
58	1.002553939819336
59	0.9901117086410522
60	0.9787786602973938
61	0.9704042673110962
62	0.9554440975189209
63	0.9475546479225159
64	0.9394196271896362
65	0.9323638677597046
66	0.9203928709030151
67	0.9131187200546265
68	0.9060499668121338
69	0.8989236354827881
70	0.8925064206123352
71	0.886573314666748
72	0.881966769695282
73	0.8780779242515564
74	0.8714425563812256
75	0.8668860197067261
76	0.861484169960022
77	0.8578022122383118
78	0.8562679290771484
79	0.8502548336982727
80	0.8463210463523865
81	0.8420004844665527
82	0.8404385447502136
83	0.839442253112793
84	0.8323469758033752
85	0.8312065005302429
86	0.8271850347518921
87	0.8254209756851196
88	0.8210433125495911
89	0.8173465728759766
90	0.8147780299186707
91	0.8121443390846252
92	0.8100232481956482
93	0.8077129125595093
94	0.8051230311393738
95	0.803726851940155
96	0.8003636598587036
97	0.7973321676254272
98	0.7950318455696106
99	0.7925820350646973
100	0.7897505760192871
epoch	loss
0	15.98791790008545
1	8.901138305664062
2	8.647713661193848
3	8.324760437011719
4	7.375955104827881
5	6.870049953460693
6	6.355853080749512
7	5.826503753662109
8	5.290670871734619
9	4.755818843841553
10	4.229555130004883
11	3.6753427982330322
12	3.1028027534484863
13	2.556427240371704
14	2.197582483291626
15	2.061434745788574
16	2.0120849609375
17	1.9769278764724731
18	1.9421683549880981
19	1.909792184829712
20	1.876814842224121
21	1.8433616161346436
22	1.8110049962997437
23	1.7746927738189697
24	1.7420216798782349
25	1.712814450263977
26	1.678115963935852
27	1.648361325263977
28	1.615308165550232
29	1.5852289199829102
30	1.5558782815933228
31	1.528567910194397
32	1.5004777908325195
33	1.473962426185608
34	1.4520933628082275
35	1.4244920015335083
36	1.400138020515442
37	1.3764811754226685
38	1.3555552959442139
39	1.3325780630111694
40	1.310928463935852
41	1.2871932983398438
42	1.2664085626602173
43	1.2460072040557861
44	1.226576566696167
45	1.2068798542022705
46	1.1847459077835083
47	1.1666405200958252
48	1.1483814716339111
49	1.1339203119277954
50	1.1124764680862427
51	1.0949333906173706
52	1.0783263444900513
53	1.0632853507995605
54	1.0450602769851685
55	1.0366839170455933
56	1.0168588161468506
57	1.0046404600143433
58	0.9914752840995789
59	0.9795515537261963
60	0.9679384231567383
61	0.9617014527320862
62	0.9484477043151855
63	0.937821626663208
64	0.930188775062561
65	0.9255328178405762
66	0.9160436391830444
67	0.9060651063919067
68	0.896399974822998
69	0.8876372575759888
70	0.8741066455841064
71	0.860505223274231
72	0.8412699103355408
73	0.8211142420768738
74	0.8120940923690796
75	0.7968283891677856
76	0.789424479007721
77	0.7798093557357788
78	0.7748284935951233
79	0.7645688652992249
80	0.7587121725082397
81	0.7535099983215332
82	0.7473903298377991
83	0.744805097579956
84	0.7364662885665894
85	0.7343229055404663
86	0.7291342616081238
87	0.7262775301933289
88	0.7226821780204773
89	0.7188810706138611
90	0.7169853448867798
91	0.7133584022521973
92	0.7104521989822388
93	0.7071072459220886
94	0.7063407301902771
95	0.7035620808601379
96	0.7004655003547668
97	0.7004532814025879
98	0.6993818283081055
99	0.6952970623970032
100	0.6959223747253418
101	0.6918006539344788
102	0.6936381459236145
103	0.6988900899887085
104	0.6883088946342468
105	0.6876512765884399
106	0.6850928664207458
107	0.6844990253448486
108	0.6830485463142395
109	0.6844199895858765
110	0.6805104613304138
111	0.6800469756126404
112	0.6779802441596985
113	0.6779300570487976
114	0.6804884076118469
115	0.6754202246665955
116	0.6737795472145081
117	0.6748353242874146
118	0.6720419526100159
119	0.6712891459465027
120	0.6705085039138794
121	0.6726679801940918
122	0.6694652438163757
123	0.67044997215271
124	0.6685084104537964
125	0.6671019196510315
126	0.6661772727966309
127	0.6657137274742126
128	0.6650185585021973
129	0.6655824184417725
130	0.6622185707092285
131	0.6622146964073181
132	0.6628343462944031
133	0.6595630645751953
134	0.6609120965003967
135	0.6584668755531311
136	0.6582947373390198
137	0.6580391526222229
138	0.6551870703697205
139	0.6568114161491394
140	0.6547447443008423
141	0.6530680656433105
142	0.6546013355255127
143	0.6513849496841431
144	0.6520859599113464
145	0.6501134634017944
146	0.6498241424560547
147	0.6483532190322876
148	0.6468687057495117
149	0.6473907828330994
150	0.6454399824142456
151	0.6446443200111389
152	0.6451110243797302
153	0.6433764696121216
154	0.6439776420593262
155	0.6436290740966797
156	0.6428869962692261
157	0.6402544975280762
158	0.639399528503418
159	0.6385677456855774
160	0.6391181945800781
161	0.638685405254364
162	0.6377060413360596
163	0.6354469656944275
164	0.6344519257545471
165	0.6348358988761902
166	0.6333822011947632
167	0.6314845085144043
168	0.6311359405517578
169	0.6323453783988953
170	0.6291263103485107
171	0.6300602555274963
172	0.6269515156745911
173	0.6267327070236206
174	0.6256565451622009
175	0.6257219910621643
176	0.6252303719520569
177	0.6230148077011108
178	0.6233989000320435
179	0.6218793988227844
180	0.6205945014953613
181	0.6203867197036743
182	0.6184619665145874
183	0.6174411177635193
184	0.6180963516235352
185	0.6164129376411438
186	0.6175280213356018
187	0.6142594218254089
188	0.6128443479537964
189	0.6120284795761108
190	0.6111764311790466
191	0.6112496852874756
192	0.6090754866600037
193	0.608126163482666
194	0.6075488924980164
195	0.608198881149292
196	0.6060689091682434
197	0.60431969165802
198	0.6071814894676208
199	0.6033009886741638
200	0.6031029224395752
201	0.6021682620048523
202	0.6003740429878235
203	0.606780469417572
204	0.5906693339347839
205	0.5802327990531921
206	0.5743885636329651
207	0.5675565004348755
208	0.5662626624107361
209	0.5623143315315247
210	0.5601285099983215
211	0.557989239692688
212	0.5543357133865356
213	0.5525011420249939
214	0.5523940324783325
215	0.5508877635002136
216	0.5480548143386841
217	0.5465973615646362
218	0.545162558555603
219	0.5450245141983032
220	0.541641354560852
221	0.5410803556442261
222	0.5382264256477356
223	0.5360216498374939
224	0.5344226956367493
225	0.5348624587059021
226	0.5328037142753601
227	0.530489444732666
228	0.5320544838905334
229	0.5292985439300537
230	0.5271714925765991
231	0.5265375971794128
232	0.525158703327179
233	0.5260191559791565
234	0.5248964428901672
235	0.5218299627304077
236	0.5212754011154175
237	0.5207013487815857
238	0.5201926231384277
239	0.5183393955230713
240	0.5192865133285522
241	0.5172897577285767
242	0.516629159450531
243	0.5155763030052185
244	0.5145766735076904
245	0.5125232338905334
246	0.5149530172348022
247	0.5121698379516602
248	0.5105739831924438
249	0.5099368095397949
250	0.5097709894180298
251	0.5097946524620056
252	0.5097883939743042
253	0.508295476436615
254	0.5063796639442444
255	0.5096490383148193
256	0.5075269341468811
257	0.5045688152313232
258	0.5034249424934387
259	0.5038937330245972
260	0.502796471118927
261	0.502009391784668
262	0.502174973487854
263	0.502349317073822
264	0.5015259385108948
265	0.5007147192955017
266	0.499332994222641
267	0.49873000383377075
268	0.5010861754417419
269	0.4986303448677063
270	0.498460590839386
271	0.49838095903396606
272	0.4959060847759247
273	0.49526911973953247
274	0.4965204894542694
275	0.4944060444831848
276	0.49455809593200684
277	0.49320951104164124
278	0.49263671040534973
279	0.49308669567108154
280	0.4924597442150116
281	0.4929370880126953
282	0.49166667461395264
283	0.49057480692863464
284	0.4902901351451874
285	0.4920656979084015
286	0.48986560106277466
287	0.488876610994339
288	0.48968181014060974
289	0.48972606658935547
290	0.4892088770866394
291	0.48736315965652466
292	0.4898616075515747
293	0.48687583208084106
294	0.4896985590457916
295	0.4863666892051697
296	0.4875178039073944
297	0.4858042895793915
298	0.48584744334220886
299	0.48497381806373596
300	0.48470285534858704
epoch	loss
0	15.98791790008545
1	8.901138305664062
2	8.647791862487793
3	8.323901176452637
4	7.973788738250732
5	7.045984745025635
6	6.512144565582275
7	5.977627754211426
8	5.43593168258667
9	4.893964767456055
10	4.363406181335449
11	3.85205078125
12	3.360684394836426
13	2.8988869190216064
14	2.512329578399658
15	2.2367048263549805
16	2.099419116973877
17	2.04256272315979
18	2.0041728019714355
19	1.9733850955963135
20	1.940155267715454
21	1.9103038311004639
22	1.876570701599121
23	1.8442738056182861
24	1.812129020690918
25	1.7809796333312988
26	1.7490673065185547
27	1.7191238403320312
28	1.6870527267456055
29	1.6582441329956055
30	1.6258829832077026
31	1.6002769470214844
32	1.5692635774612427
33	1.5418401956558228
34	1.5145636796951294
35	1.4925510883331299
36	1.4682999849319458
37	1.4412263631820679
38	1.4153072834014893
39	1.3950341939926147
40	1.3673808574676514
41	1.342672348022461
42	1.331059455871582
43	1.299135446548462
44	1.2780227661132812
45	1.257284164428711
46	1.2354321479797363
47	1.2153371572494507
48	1.1989487409591675
49	1.1783185005187988
50	1.1593437194824219
51	1.1402666568756104
52	1.1223270893096924
53	1.107218623161316
54	1.089845895767212
55	1.0746585130691528
56	1.0577048063278198
57	1.0437266826629639
58	1.028712272644043
59	1.0193684101104736
60	1.0051270723342896
61	0.9961240887641907
62	0.9800829887390137
63	0.9706747531890869
64	0.9617544412612915
65	0.9517392516136169
66	0.9418431520462036
67	0.9361298680305481
68	0.9255341291427612
69	0.9185242652893066
70	0.9117218255996704
71	0.9050689339637756
72	0.8996482491493225
73	0.8953952789306641
74	0.8893261551856995
75	0.8842231035232544
76	0.879470705986023
77	0.8749419450759888
78	0.8723117113113403
79	0.8686005473136902
80	0.8652312159538269
81	0.8633698225021362
82	0.8568373918533325
83	0.8528388738632202
84	0.8499384522438049
85	0.847998321056366
86	0.8461273908615112
87	0.8436458706855774
88	0.83807772397995
89	0.834759533405304
90	0.8346120715141296
91	0.8304411768913269
92	0.8271544575691223
93	0.8248996138572693
94	0.8230353593826294
95	0.8224349617958069
96	0.8177340030670166
97	0.8192427754402161
98	0.8143684267997742
99	0.8116339445114136
100	0.8093693256378174
epoch	loss
0	15.98791790008545
1	8.901138305664062
2	8.647791862487793
3	8.323901176452637
4	7.973783493041992
5	7.045647621154785
6	6.511706829071045
7	5.977108955383301
8	5.435415267944336
9	4.893470764160156
10	4.362896919250488
11	3.85172176361084
12	3.3603999614715576
13	2.896630048751831
14	2.506417989730835
15	2.2349014282226562
16	2.0994794368743896
17	2.0427803993225098
18	2.0041165351867676
19	1.9725401401519775
20	1.9401947259902954
21	1.908995270729065
22	1.876582145690918
23	1.8474931716918945
24	1.8118019104003906
25	1.7820898294448853
26	1.748774528503418
27	1.7213245630264282
28	1.685995101928711
29	1.6573643684387207
30	1.626116394996643
31	1.5997154712677002
32	1.5693963766098022
33	1.541247010231018
34	1.4745718240737915
35	1.4264248609542847
36	1.3883239030838013
37	1.3583450317382812
38	1.3183702230453491
39	1.2871607542037964
40	1.2562311887741089
41	1.2249168157577515
42	1.1970962285995483
43	1.1703383922576904
44	1.1561411619186401
45	1.1162402629852295
46	1.093055248260498
47	1.072352647781372
48	1.0517812967300415
49	1.0342350006103516
50	1.016474723815918
51	1.0023877620697021
52	0.9878901243209839
53	0.9782247543334961
54	0.9627063274383545
55	0.9538788795471191
56	0.9413394331932068
57	0.9333112239837646
58	0.9259126782417297
59	0.9179109334945679
60	0.9118911623954773
61	0.9054712653160095
62	0.899655818939209
63	0.8922035098075867
64	0.8872064352035522
65	0.8857728242874146
66	0.8761675357818604
67	0.8827624917030334
68	0.8665161728858948
69	0.8616489768028259
70	0.8563953042030334
71	0.8519834876060486
72	0.8496029376983643
73	0.8438935279846191
74	0.8390830159187317
75	0.8362559080123901
76	0.831095278263092
77	0.8298221230506897
78	0.8246816396713257
79	0.8222308158874512
80	0.8182932138442993
81	0.8139824867248535
82	0.8099673390388489
83	0.8068893551826477
84	0.8050268292427063
85	0.8033947944641113
86	0.8009714484214783
87	0.7953903079032898
88	0.792662501335144
89	0.7883819937705994
90	0.7864241003990173
91	0.7832097411155701
92	0.7821502685546875
93	0.7776739001274109
94	0.7757367491722107
95	0.7748079895973206
96	0.7715569734573364
97	0.7694719433784485
98	0.7671002745628357
99	0.7647314071655273
100	0.7637454867362976
